557
7944 7237
6856 6935
8055 8302
6927 7943
4862 8513
7543 12261
8946 13388
4846 11068
10719 8422
5005 6167
6654 9272
5816 7953
9107 564
7847 9980
14594 9396
2909 9305
6406 1393
4721 7482
6293 4601
9139 8068
10438 9850
9569 2229
7867 6181
12283 10825
11112 15461
11563 6991
8915 5769
4760 9597
4919 12125
10999 2380
6091 3314
4012 6017
2047 13821
1667 11549
5291 4329
4092 15930
3198 11097
10513 7461
9992 12980
12308 12242
7184 8777
8530 4162
2274 7141
14697 6791
15883 4444
4965 13514
5864 11367
9109 9832
5237 5180
12531 9003
3701 9808
8762 11919
4270 14669
7329 11157
10890 14142
1490 8382
9739 3523
15663 6514
6607 13907
775 15304
13245 7752
6148 7257
9127 5068
8132 2683
7480 1074
10586 1079
13476 9365
4015 11606
2389 8127
10790 10705
9944 12061
12618 6671
8958 6563
6571 5485
1167 7630
12722 3925
6943 6669
10060 6761
11362 5469
14366 10299
7010 3828
1327 10221
9127 15777
1213 11915
1622 5193
9673 1120
9639 11080
5522 9531
10798 9074
4236 2245
6168 2535
8676 1124
9988 8122
12067 1475
11906 11432
12129 13251
2585 4373
7635 2081
8342 9363
10570 2079
13696 6035
13080 12080
3307 8444
8333 7333
6559 9663
5602 8758
12281 7623
7752 13201
9516 9120
2923 13037
5730 456
15842 9459
7814 3521
14258 8361
11687 16015
5475 7182
11502 7497
14492 14993
713 8523
12549 5739
8691 10289
5838 10713
8342 11305
11455 14282
2473 9660
11079 10064
4597 10378
14305 6997
9898 181
11712 12173
2245 11839
6801 10737
8596 12520
13687 3630
4755 14980
5183 3103
6033 5838
3595 10757
14639 5375
5452 13183
8033 5744
10456 15036
6367 14773
9401 13941
348 10718
3877 9161
15842 2559
4615 5021
11906 4529
2652 5656
10199 2687
7653 10370
7909 13927
13410 10772
4446 14012
6369 12183
6933 4471
11135 2541
2981 11297
9735 4168
11115 1489
13345 7111
7430 7973
14685 7323
15804 10191
3532 4996
9450 5859
10791 6667
13878 12024
4180 8161
9226 7801
10741 12130
8517 8558
6657 2750
12048 463
439 12495
13665 13239
8352 456
2850 14809
10339 13679
4272 12550
1832 4437
13833 15679
12487 8447
6578 13170
10355 3720
14697 6125
13662 5532
5905 3709
3338 679
13173 14199
15883 3472
8308 4848
12037 10378
6457 8449
10517 9166
9246 2121
4547 3442
2606 10332
3264 16377
9760 15448
15363 12189
14848 4639
9080 3006
3080 7525
5848 6528
4065 6170
7268 5380
6788 15979
295 15319
12357 6078
7359 14795
7340 12119
13900 9222
12768 184
15881 6114
13017 15295
7533 8931
16371 8450
2925 4586
11370 12937
12010 8937
1849 7283
13832 4687
11163 5657
831 11258
11404 3488
13211 8325
6259 1516
15485 7710
9064 13265
15093 3810
5681 10136
2454 6616
5642 12633
8757 3684
14430 1240
1909 13779
4481 4224
2044 8358
7374 6825
5039 15273
9739 10803
1676 12074
7638 4257
11321 11425
1023 15223
6233 11557
4747 13205
5698 5330
7208 1710
10992 8463
4069 2830
8909 13505
13464 10105
1356 4990
2122 5503
3811 6849
14391 14383
12284 3597
7515 2838
7563 579
12312 14399
9615 12189
12498 16258
5604 13715
12405 10647
2721 9357
11828 15222
2206 14159
12140 5330
3685 5806
10289 7201
12895 11825
2969 12443
13274 6595
5383 11606
7390 13271
2295 11011
11833 10901
15425 11378
1456 10166
6050 15681
9218 9766
8250 2188
15927 2257
6310 1084
283 11539
853 14080
15884 6943
6523 9721
9494 5342
2422 13470
5025 6051
2826 15279
688 6100
9795 6831
7680 16378
5335 14504
6729 6637
14131 3174
6915 6945
5740 8143
3800 10865
136 8023
9091 8119
6907 3735
10362 9874
595 15707
11197 2487
14995 12796
16151 10633
14796 10629
14921 5369
13975 8088
8422 1175
1539 6712
13035 2871
14842 9358
8505 12207
6546 7714
4015 15847
10076 14353
3744 7517
8490 7321
4444 8914
13888 11308
10660 16245
7563 9923
8846 6543
8913 4068
9239 11406
14267 13987
12892 4361
2309 8418
133 7104
12247 8177
833 10089
15335 2760
12422 871
4934 506
9754 1362
10738 10648
6691 13883
7914 7201
2777 7084
8661 10305
13927 752
10502 13
11617 6635
4104 13758
9178 496
5208 13114
10933 15283
7056 6333
1700 7945
11409 4784
10155 4535
11595 7609
14918 799
3432 9852
7184 11671
13381 2177
3086 11444
4492 5346
3955 12656
9233 2837
2303 5614
8915 15851
9325 9312
2419 9565
5915 2498
9581 12593
4740 7841
15193 11637
3826 217
1420 3752
7600 4534
14169 15569
7876 14921
4255 1970
14457 7394
15883 9303
15180 1678
4790 11124
2300 4623
290 13007
5032 6216
8057 13674
9376 7246
6308 13598
13918 16363
3584 3228
3651 6027
14890 6857
10320 9827
9706 5741
13004 12252
6245 14469
1163 4701
15803 4890
11688 2811
5407 3855
10624 8329
1195 12023
2465 997
4831 16325
11022 9063
1463 8552
6326 14868
4925 10048
10983 14065
14024 1559
7332 12313
13347 13880
6580 9499
5355 1829
13349 9086
11796 7730
7362 10647
1571 5433
9093 13999
8592 12555
10050 12455
12321 12250
11111 5668
13672 6100
9688 10765
12161 1568
7145 113
12410 10991
11263 3540
6241 1561
825 4232
15361 1248
15355 5856
4650 7321
8230 7496
12344 6919
7784 15268
3047 4655
8711 1192
10227 2721
14550 10204
5433 6522
7692 14408
1651 12155
8866 15733
1071 15448
10735 15727
6545 9743
12817 15224
12022 786
2901 14788
13563 3818
2297 10944
13676 13258
2660 9419
137 14989
12178 8178
2240 3984
10832 10747
11344 5546
1479 13851
4034 3908
7671 11125
2809 7029
8267 5503
3468 14054
5515 14999
14247 3080
6284 944
6074 5878
15801 7801
2975 4408
15849 4696
12206 1734
14474 10315
10758 10854
12894 11813
14123 13595
171 7111
8654 10180
6292 4473
1557 8889
901 12294
9260 9720
387 15916
2221 14194
10045 15997
7675 2075
12134 13264
2899 13049
15792 10192
3556 5129
6713 15869
1608 11484
14375 14366
15413 9103
1430 15269
1789 5686
1484 10230
7927 14487
3973 1834
14626 5337
11353 5370
8925 15883
12989 4530
9990 8170
6204 2529
727 10050
12748 16336
15096 7911
6566 9635
2965 3613
4343 2100
12985 367
4262 14707
6746 600
10898 3718
15379 3424
4949 6222
4160 13584
3006 1519
1987 13775
9926 9698
10232 6741
14016 11188
9522 14496
12671 6208
15883 6113
12411 10687
10363 13651
5420 11647
6221 3900
11016 4942
8423 14547
16147 10627
12143 1539
16073 4663
3659 6028
15529 8227
3628 754
757 15459
2417 9565
15811 7028
6707 13874
134 7096
7203 1708
2459 9767
3278 15082
866 12310
10174 12865
1164 5318
9240 11386
2812 7077
715 8557