959
136 8023
0 11948
77 12466
290 13007
10 13192
119 7105
15 15176
387 15916
43 6998
253 16071
62 10677
69 14974
460 11023
141 8012
358 8547
320 6140
460 10519
418 4327
688 6100
588 6615
503 7080
854 7880
733 8516
576 10519
501 10565
915 11293
1001 11787
918 12215
732 12718
543 15298
733 15531
675 3810
825 4232
520 14557
715 8557
742 10018
569 13028
553 14491
775 13599
987 5384
992 4666
826 5766
979 9024
1420 3752
1386 5007
1164 5318
1007 6341
1139 7627
1497 8478
1498 8526
1356 9990
1304 10284
1498 11531
1193 12024
1002 14954
1002 15043
1418 15651
1452 11067
1477 4482
1479 13851
1099 7514
1408 5581
1360 12779
1494 13471
1489 6883
1503 3745
1503 4430
1529 4509
1503 5205
1539 6712
1855 7280
1700 7945
1503 8448
1505 8527
1505 10137
1608 11484
1543 11540
1676 12074
1840 13407
1508 13824
1789 5686
1863 9914
1859 12637
1606 3396
1602 14915
1988 9490
1816 14193
1994 6251
1927 15574
1943 10811
2476 4359
2303 4577
2132 5507
2093 5823
2106 6268
2374 6988
2258 7146
2329 7945
2004 8323
2009 8574
2501 9517
2452 9581
2295 11011
2128 11270
2220 11813
2493 12522
2422 13470
2004 13824
2004 14028
2058 10071
2117 14688
2489 12706
2240 3984
2164 3500
2465 997
2468 1002
2916 4551
2587 5491
2652 5661
2915 6420
2751 6994
2989 7456
2698 7726
2676 8120
2814 8662
2858 9314
2514 9537
2606 10332
2888 10897
2969 11360
2689 12019
2858 13024
2908 13053
2525 13999
2511 14202
2697 14865
2511 978
2513 1012
2642 4373
2969 12443
2682 15035
2965 3613
3006 1519
3006 4454
3438 4595
3500 5051
3456 5909
3006 6949
3009 7488
3062 7519
3307 8444
3340 8518
3007 9351
3432 9852
3501 10514
3286 10892
3006 11338
3382 11523
3008 12461
3251 12973
3468 14054
3048 14950
3036 15082
3475 6013
3026 13127
3220 764
3058 13957
3095 16014
3264 16377
3394 65
3456 3915
3507 653
3517 5012
3984 6027
3835 6804
3744 7517
3938 8220
3511 8867
3895 9184
3507 9779
3956 10102
3592 10787
3637 11056
3973 11664
3723 12198
3517 16119
3513 450
3744 7514
3531 4891
4004 3916
3988 6002
3584 3228
3625 15113
3639 14080
4007 15888
3680 13992
3961 13022
3780 14534
3970 1848
3975 4012
3897 2162
3919 1354
4005 2607
4007 13084
4008 1853
4008 2366
4008 2562
4034 3908
4479 4966
4493 5392
4009 6010
4013 6025
4210 9018
4238 9520
4506 10423
4051 11258
4015 11606
4071 12997
4206 13525
4104 13758
4449 14028
4015 15847
4074 16033
4010 144
4481 4224
4160 8015
4485 11003
4507 3067
4125 15529
4045 7393
4220 6932
4177 8999
4085 549
4126 1253
4146 8213
4262 14707
4239 12503
4555 1748
4509 2244
4630 3476
4717 3887
4509 4212
4685 4509
4895 5060
4766 5633
5001 6170
4617 7653
4862 8513
4523 8834
4690 9519
4579 10393
4840 11021
4846 11068
4989 12020
4947 12121
4996 13019
4963 13517
4951 13605
4516 14055
4824 14698
4808 15043
4513 15960
4831 16325
4537 2782
4643 7466
4559 191
4619 9370
4934 506
4978 6699
5290 4409
5316 4514
5265 5144
5320 6007
5011 6164
5433 6522
5092 7616
5010 8494
5011 8526
5482 9526
5010 10032
5210 10574
5102 11407
5383 11606
5146 12509
5236 13003
5010 13507
5010 13527
5335 14504
5086 14980
5039 15273
5046 15702
5012 428
5014 509
5183 3103
5394 2066
5407 3855
5475 7182
5440 9468
5122 2985
5112 16138
5411 1734
5511 360
5911 2569
5754 3472
5869 3725
5512 4468
5511 4656
5668 5387
5822 5511
5839 6506
5511 7163
5810 7951
5602 8758
5514 9518
5511 9535
5690 10109
5776 11358
6010 11614
6011 12127
5557 13690
5515 14999
5704 15107
5838 10713
5528 13508
5915 2498
5644 12632
5744 8124
5822 502
5848 6528
5987 15713
6011 1190
5900 1999
6005 14109
6064 39
6284 944
6275 1443
6258 1507
6012 2605
6091 3314
6221 3900
6309 4506
6269 4599
6012 5225
6227 6459
6466 6698
6511 7738
6457 8449
6268 8716
6470 9518
6508 9619
6354 10099
6122 10623
6084 11422
6094 11638
6051 12059
6014 12873
6278 13526
6308 13598
6245 14469
6074 5878
6244 14529
6055 2452
6050 15681
6152 7260
6504 15031
6731 1045
7012 1644
6958 2112
6657 2750
6537 3198
7007 3772
6936 4475
6950 4510
6571 5485
6544 5512
7010 6421
6513 6693
6844 7016
6895 7935
6806 8821
6580 9499
6513 9599
7000 10079
6801 10737
6583 11450
7008 11679
6923 12459
6561 14859
6531 15034
6781 16009
6959 8016
6578 14039
6578 13170
6607 13907
6728 992
6773 365
6765 13007
6772 16045
7509 1033
7254 1701
7473 2782
7315 3225
7014 3773
7024 4436
7021 4509
7509 5819
7060 6345
7014 6696
7484 7486
7015 7991
7018 8018
7184 8777
7158 9034
7512 9934
7284 10245
7317 10652
7329 11157
7338 11917
7169 13803
7024 14336
7359 14795
7269 15035
7332 12313
7036 15865
7043 12529
7268 5380
7361 13351
7513 16373
7501 2503
7160 178
7512 946
7534 998
7552 1006
7766 2002
7634 2116
7515 2640
7572 4519
7886 5175
8015 5737
7841 6206
7557 6636
7984 7345
7993 7515
7991 8317
7533 8931
7615 9493
7760 10006
7763 10020
7673 10523
7671 11125
7519 11791
7652 12593
7745 13212
7680 16378
7633 4254
7552 12244
7946 15281
7589 3420
7919 14500
7909 13927
7805 3521
7876 14921
8371 503
8504 1132
8297 1723
8224 2704
8509 3011
8332 3616
8505 4165
8308 4848
8267 5503
8051 5758
8063 6503
8336 6856
8016 7329
8272 7515
8059 8313
8516 8565
8342 9363
8024 10015
8020 10026
8033 11010
8305 11333
8399 11964
8431 12038
8516 12810
8129 13255
8050 13657
8022 14034
8247 15296
8050 14947
8157 286
8213 2260
8526 371
8661 501
8709 1045
9009 1520
8517 2988
8517 3006
8769 3668
8909 4049
9006 5006
9017 5150
8904 5783
9006 6511
9009 6526
8521 7242
8738 7897
8521 8515
8517 8558
8715 9167
8600 9787
8683 10175
8974 10942
8525 11231
8517 11980
8517 12024
8584 12525
8937 13437
8996 13528
8931 14122
8533 15261
9015 2226
8827 16269
8850 15779
9502 499
9158 554
9461 1423
9366 2003
9148 2476
9018 3070
9424 3703
9518 4242
9172 5009
9104 5155
9018 5789
9065 6013
9063 6528
9376 7246
9226 7801
9139 8068
9435 9013
9300 9314
9109 9832
9030 10139
9467 11003
9517 11071
9430 11805
9038 13487
9021 13527
9513 14486
9018 15636
9159 16149
9517 12102
9084 3004
9497 12634
9123 15526
9176 14776
9519 486
9519 501
9695 1102
9749 1548
9519 2330
9524 2513
9604 3506
9735 4168
9520 4941
9519 5420
9526 5586
9523 6012
10010 6538
9736 7252
9955 8015
9989 8109
9999 8888
9520 9121
9917 9674
9667 10513
9733 10810
10006 11507
10007 11523
10015 12482
9995 12982
9992 13030
9870 13775
9522 14496
9760 15448
9802 15541
9573 3521
9810 14529
10512 1016
10172 1711
10246 2433
10227 2721
10198 3013
10355 3720
10143 4503
10155 4535
10020 6468
10359 6750
10421 7210
10518 7732
10021 8121
10026 8939
10517 9166
10434 9859
10456 10023
10097 11014
10020 12461
10020 12543
10024 13026
10346 13670
10083 14348
10519 15040
10517 992
10499 15010
10119 11085
10045 15997
10474 18
10088 11980
10159 16120
10521 0
10643 967
10903 1502
10783 1715
10898 3718
10638 6013
10547 6856
10521 7152
10621 7808
10681 8054
10784 9012
10763 9049
11020 10012
11009 10034
10790 10705
10736 12019
10741 12130
10531 12846
10955 14026
10883 14129
10619 14919
10681 15422
10749 2536
10553 2215
10846 13174
10570 15949
10741 11065
10635 5958
10652 16245
10663 3094
10849 5305
11016 4942
10819 4031
11022 1401
11022 1528
11141 2504
11022 2610
11316 3497
11348 3511
11409 4784
11349 5494
11344 5546
11520 6508
11467 6798
11446 7127
11493 7515
11027 8489
11022 8958
11037 9029
11022 10010
11053 10049
11065 10665
11321 11425
11158 12021
11042 14025
11451 14276
11371 14582
11022 15348
11022 15646
11174 12085
11370 12937
11098 16032
11521 4189
11436 13383
11751 267
11960 1021
12020 1506
11535 2366
11672 2769
11942 3324
12022 3683
11621 4222
11569 4890
11643 5150
11541 5545
11945 6401
11523 6734
11523 7115
11583 7564
11574 8107
11707 9029
11764 10007
11764 10058
12022 10731
11906 11432
11965 12023
11712 12173
11529 12820
11691 13793
11523 14243
11528 14617
11828 15222
11687 16015
11531 16202
12022 786
12003 8961
12023 13259
12024 374
12024 783
12453 1411
12145 1539
12029 2825
12284 3597
12288 4014
12321 4748
12140 5330
12311 5770
12024 6463
12024 6926
12024 7037
12523 9002
12054 10365
12278 10821
12353 11080
12315 11997
12313 12231
12524 12529
12130 13254
12482 16030
12492 16336
12500 8430
12114 14556
12466 9051
12221 2060
12312 14399
12242 7526
12282 3498
12296 13545
12343 15131
12525 735
12543 1368
12701 5878
12526 6052
12595 6629
12526 7397
12525 7810
12526 8441
12527 9004
12951 10660
12762 11193
12917 11897
12579 12455
12625 12579
12717 14042
13007 15651
12532 16284
12981 14598
12766 96
12921 3282
12785 4332
12742 3932
12574 9089
12883 10439
12665 5510
12989 4530
13017 15352
12939 13876
12977 9760
13025 2867
13026 369
13521 718
13138 2844
13519 3647
13046 4359
13027 6200
13237 6908
13345 7115
13245 7752
13211 8325
13362 9016
13384 9352
13464 10105
13449 10765
13026 12075
13173 14199
13062 15289
13039 15546
13362 9545
13511 3450
13275 11317
13205 16336
13260 12572
13429 5643
13495 11987
13500 5510
13347 13880
13381 2177
13514 13026
13890 686
14006 3249
14005 3672
13534 4018
13709 5486
13696 6035
13916 6519
13730 7475
13560 7863
13975 8088
14013 8521
13528 9375
13756 10018
14013 10319
13584 10636
13942 12009
13527 13000
13527 13026
13872 13941
13623 15479
13821 15744
13662 5532
13565 2240
13888 11308
13832 4687
13918 16363
13960 12024
14000 1413
14024 1559
14026 14649
13917 14267
14028 1555
14028 3221
14033 4760
14518 5388
14307 5988
14362 6076
14378 6993
14302 8334
14084 8744
14528 9364
14486 9770
14474 10315
14503 10602
14036 12023
14028 12059
14300 14006
14526 14647
14390 7032
14224 13471
14509 7519
14062 3562
14486 14527
14169 15569
14175 15528
14403 1298
14416 543
14448 2609
14505 492
14511 11339
14529 1272
15022 3469
15027 3573
14733 4659
14894 5518
14697 6125
14529 6909
14529 7042
14973 7704
14534 8926
14602 9337
14529 10374
14529 10525
14577 14893
14626 5337
14715 9524
14818 4508
14669 13931
14575 1525
14661 766
14828 12026
14772 11980
14980 2271
14995 12796
15324 4217
15518 4923
15342 5856
15197 6489
15030 6674
15441 7102
15485 7710
15413 9103
15333 10676
15030 12824
15385 12216
15379 3424
15193 11637
15093 3810
15425 11378
15312 10273
15529 8227
15287 2622
15277 8543
15180 1678
15232 2117
15286 930
15528 9885
15361 1248
15525 5036
15531 2646
15531 4018
15820 4596
15531 6323
15538 6521
15805 7722
15834 8181
15838 9294
15861 9519
15804 10191
16031 10687
15726 11988
15578 12359
15533 3447
15582 4003
15773 5880
15615 1080
15712 7014
15757 1001
15798 11102
15912 2490
15942 8996
16001 5257
16032 2064
16032 2552
16032 3217
16032 3961
16032 4056
16032 4509
16032 5867
16032 6265
16320 6518
16371 8450
16032 9373
16039 10421
16220 10637
16034 9529
16372 5160
16383 8517
16071 1954
16368 7305