520
7944 7237
6856 6935
7365 6784
7463 7962
6546 7714
8055 8302
6158 7212
4862 8513
7543 12261
8946 13388
7184 8777
4846 11068
10719 8422
5005 6167
6654 9272
5816 7953
4749 7895
10702 7921
9107 564
7847 9980
14594 9396
7418 7458
10784 8924
2909 9305
6406 1393
9790 475
6293 4601
9139 8068
9989 8109
10438 9850
9569 2229
5370 11595
7867 6181
4099 6055
12283 10825
5873 3730
4597 10378
11112 15461
11563 6991
5426 4322
8915 5769
4760 9597
4919 12125
10848 7013
10999 2380
2047 13821
1667 11549
4092 15930
3198 11097
9992 12980
4700 7394
5264 5158
8471 7342
12308 12242
3582 9252
9120 5069
11021 10006
8596 9783
11491 7493
4171 9554
3448 9801
8530 4162
10807 1866
2274 7141
14697 6791
15471 6597
13905 9221
10000 12479
5602 8758
15883 4444
4360 8920
7034 12435
9421 5845
4965 13514
5849 5180
5871 11374
6459 8450
4015 11606
9109 9832
11712 12173
10199 2687
14392 10160
8457 564
12531 9003
8903 6536
7344 10427
4898 9020
4243 8228
9692 1065
12838 12254
5686 5721
12440 7356
6062 3075
10773 10662
10289 7201
8762 11919
5475 7182
13363 9285
4270 14669
11906 11432
12175 12886
7329 11157
10890 14142
5492 9545
1490 8382
4456 14012
2033 8193
9739 3523
6607 13907
3709 10981
6166 2543
8556 8539
775 15304
8676 1124
13245 7752
1676 12074
9276 9307
8132 2683
5232 12719
6551 9780
12502 8449
2814 8662
4761 5631
7007 3851
6571 5485
7480 1074
10586 1079
7461 11759
9381 2730
10701 14947
15985 6382
12352 6723
14702 7294
7824 3436
11127 1365
11451 14276
14084 8711
1172 7658
13344 7112
9605 13744
2314 7686
11509 16104
8703 10336
8267 5503
8095 11908
6063 6704
12555 7857
6669 2748
9990 11972
7208 1710
6933 4471
1034 11801
14657 6119
8130 13250
5838 10713
9956 11471
974 8230
5240 3819
12722 3925
2220 11813
8584 12525
3315 8443
8715 9167
13946 6470
6252 14469
9999 8888
13266 6594
11362 5469
7726 9240
7750 2039
1327 10221
9127 15777
7575 12765
1622 5193
15441 7102
10346 13670
13311 3831
6801 10737
9488 13122
4236 2245
4824 14698
5468 13222
9417 6457
12650 6222
5900 1999
7617 2773
12067 1475
2584 4374
2295 11011
9075 13990
1546 13813
14192 6997
16049 3943
1840 4448
8305 11333
2895 13040
642 10575
11776 10911
13495 11987
9068 2224
271 15234
8332 3616
13726 5536
4814 11570
9430 11805
6008 13673
5820 500
11958 961
2776 7109
5685 10130
9733 10810
4639 5035
2348 9609
1556 8883
8178 10707
4662 4477
12011 10322
5307 7823
6107 9158
15842 9459
10875 2881
11321 11425
11534 12803
915 11293
9760 1575
14492 14993
6862 6337
11569 4890
12069 6219
9735 4168
1276 15303
3401 11615
4953 15311
15647 4953
12013 8952
2128 5504
7867 6733
7966 7779
6389 3893
5183 3103
6051 12059
13975 8088
12140 5330
11336 1873
8309 4873
827 8742
9215 11279
8080 12620
6962 8235
9190 8584
10344 3709
9490 12620
13211 8325
9741 15462
4162 5537
7909 13927
3155 7611
13464 10105
6822 11671
4270 12541
10004 6465
7828 3938
1427 11048
5175 10371
4157 2746
14637 5372
4736 3892
13339 12505
6325 892
7253 13269
12732 5707
7337 9792
8374 6508
1337 4681
7250 3292
12219 4044
4063 10089
1755 7182
4205 13508
10707 12139
9189 1477
1120 5283
5506 6515
13583 10633
3297 16371
9917 9674
2062 14342
15842 2559
5767 12630
15788 3060
11828 15222
2969 12443
15382 4220
2652 5656
4612 15935
11523 2497
2606 10332
7981 1206
3590 5988
12443 11722
6563 3251
4449 15212
7222 5226
14893 9897
12852 10857
15804 10191
3568 5414
13996 12010
774 14757
14397 14415
13947 3659
6686 1894
11553 6485
2510 6596
11302 9351
14522 10667
5301 341
1682 7691
650 12452
10579 15940
3495 10478
12460 793
6578 13170
3531 4891
4239 10881
9624 4753
11574 8107
2312 8806
9200 57
12192 13430
495 11914
825 10074
13904 4700
9522 14496
6798 14456
12989 4426
4207 6571
14675 4722
11619 3010
14587 8895
10262 3207
4240 1744
10083 14348
13833 15649
10077 2114
7755 5633
10523 488
4971 6690
13665 13239
13427 6040
15790 5881
2850 14809
7572 4519
10265 1594
9376 7246
6258 5989
12321 4748
10245 10443
8268 1709
14064 7506
323 8540
5423 12096
4682 3332
4089 5033
5495 13757
16343 2089
13098 15277
12217 3534
16343 9466
7153 13799
6490 14973
16174 10692
3338 679
13173 14199
2945 9808
16353 7062
1939 6640
3706 6667
3723 12198
11682 13762
15287 2622
15288 9234
8955 3293
15485 7710
9031 4174
11958 400
134 8031
5533 2586
1242 7143
7359 14795
11275 10661
15272 5883
12769 200
148 12479
13888 11308
2563 13624
7927 14487
14112 3158
9618 10176
10531 12846
14336 15496
5335 14504
15363 12189
10635 5958
5972 13135
7365 6235
3744 7517
2564 14143
7751 5069
2355 4940
6788 15979
8444 13863
3101 4346
1842 9889
7570 531
2049 13319
1152 12479
461 15808
11348 3511
8571 7939
3926 302
13356 11339
11676 4198
9181 15276
12087 16312
12582 1330
8816 16280
12312 14399
468 12995
10816 11326
2763 11683
80 10670
16371 8450
2850 15314
7229 5734
15429 11380
13872 13941
1854 12620
12921 3282
15023 12731
15068 3460
414 11364
1333 9701
12853 14747
250 14653
14430 1240
2099 6084
6046 15675
16291 5797
3374 15063
3633 3271
16371 5159
11285 8753
2857 4887
12603 15916
10304 4304
4133 3899
14521 3664
3680 13992
9320 16301
5492 15043
6861 15476
14169 13406
2094 10463
3205 6607
14823 11988
15832 8213
11016 4942
5824 1007
14931 784
8487 15373
7606 16381
12993 780
14427 535
15663 10717
11350 5974
4134 4525
3416 73
835 4558
1061 15897
10050 15996
1594 5795
13896 14721
915 14101
10749 5445
688 6100
12085 2385
7542 15366
15109 10400
4749 1693
6773 365
4800 588
13521 718
13037 2666
15228 2121
2837 760
13929 1497
133 7104
15013 1320
602 6603
13132 16286
13565 2240
9929 5946
12343 15131
5114 16133
1246 6450
5028 2258
1420 3752
13827 16287
14654 13913
1027 13568
15615 1080
15154 8651
2156 3549
585 3946
1896 15580
14511 11339
14448 2609
2899 3648
3006 1519