579
7285 7202
6634 7377
7711 7713
7786 7200
7782 8214
7207 7703
7080 8580
6521 7878
7746 8715
6311 8471
7919 6467
6782 6876
7284 6701
8290 7906
9200 8143
8550 8627
7997 9216
4964 10765
8046 5966
4710 11520
4975 8133
5097 7399
7226 9081
8964 13146
9155 7642
8287 7370
5119 5834
6133 7367
6459 8972
8530 9142
5807 8433
9656 7640
7514 12582
4950 8634
9051 8649
9586 13150
4714 12038
1737 11742
5844 7932
5211 11281
4608 5980
7967 9717
9701 8166
8420 6511
8112 10780
644 11998
14446 9521
7944 10265
10703 8498
7572 12035
1171 11909
4426 11019
4838 10264
6699 4386
8423 13020
5598 7281
7446 10977
8547 5976
6521 9720
11012 7542
10461 9137
4625 15195
6547 1620
10202 8364
8346 11281
5356 6335
4075 11527
9104 582
5958 9030
6448 10238
4600 5479
5620 5810
2923 8673
9842 2228
6281 6789
9593 13651
615 12499
2033 12244
7510 5819
8933 11370
2238 11689
6932 12830
8954 13647
2921 9200
10469 7840
9556 11468
7392 11533
8301 5459
7544 13083
8161 12469
13924 9187
9894 1727
6019 4343
12078 10970
6748 4890
9018 7141
9790 475
11183 6994
9568 8760
7414 10476
4838 12683
9031 9150
10009 3319
14396 10035
3438 9259
6334 10756
4158 15857
12160 12395
5113 5305
6826 11996
10516 9832
4449 8303
7996 4879
14041 6478
6041 3772
4107 6016
2101 13665
11086 2327
8092 11904
9177 1679
8598 4304
4730 9750
9860 2784
9600 7139
11187 15520
5517 4333
7416 9587
9587 9351
6053 3247
9599 12563
6236 4887
9585 11969
5628 5157
7212 4389
5245 9763
11737 10469
4213 12028
5944 10236
8550 9785
11204 8046
8509 4814
8613 10771
13909 8686
9648 10943
5248 12027
8128 13673
9048 6034
5339 10264
4099 5313
3425 8753
3122 10664
8802 5471
10962 9132
6700 3876
9054 12608
4609 6481
11755 11663
11093 1796
4687 15734
11856 5032
10498 1937
7259 4933
8080 4309
11659 12413
5771 10844
3341 11291
8254 1199
6780 11456
14730 6678
6732 6276
13894 9688
4186 9770
11690 6992
12579 10930
2756 9855
13134 8310
4665 14677
5915 9535
6835 10822
10017 3913
4449 8915
1593 7546
14443 9020
13398 8949
3473 10068
9341 2207
2324 6936
9160 4679
11019 10005
9340 9852
9000 11871
6413 2121
8554 685
4870 13410
11516 7500
5073 9155
11577 11156
10851 15002
10457 7339
14001 6992
11892 12917
11212 8553
10983 10520
5539 3750
2295 4742
9549 6046
14947 9517
15460 6620
9136 1083
6483 1097
2414 8717
11688 15764
10100 12876
6046 1599
4948 4797
10879 14434
6241 2703
10310 10333
5552 3249
6998 13401
2840 11199
13222 7809
6556 14339
6224 5491
613 11433
3885 10994
8207 3235
11218 2828
12557 8792
4596 7626
15883 4444
6554 3281
9225 78
6278 11292
4635 14175
7489 1594
9712 1039
2621 10557
9482 6551
10502 1436
2305 7437
6780 5488
1941 11188
108 12444
8958 6563
11910 4512
5777 11352
12722 12250
4337 10430
13889 10266
2902 8161
5010 4296
9643 10442
10104 12375
2420 9353
4108 6517
1145 12471
649 15470
8233 3802
6217 6288
12485 7353
6382 13754
14551 6173
3939 9249
15961 6582
1412 8362
12327 11611
11720 1515
10105 13490
13843 5935
14594 7195
13421 6437
9120 10721
12403 12905
10504 2530
9672 4621
7472 1093
8070 2734
9308 5198
2033 8193
3930 16358
11380 14319
12476 6852
9119 4178
10304 6801
4433 4811
11604 2326
4124 15092
15315 7135
2258 13127
865 10124
10149 10886
13736 7911
11928 5610
12633 8275
10291 935
7692 3263
7990 1773
11217 6491
487 13000
13361 9450
4121 14468
9508 3306
5878 13677
2923 14996
1777 7022
13317 10627
13211 3846
11183 16021
12471 4302
11247 11724
10350 14947
13150 7074
1623 4817
818 8293
6742 2706
11028 11021
2829 7050
2255 9996
11352 15008
7294 3888
2801 12981
5401 12820
6553 14840
9341 2712
2295 6429
10378 14374
5170 14005
2602 13798
4369 13272
1600 13630
8676 1703
5371 13401
143 11937
6325 11997
3437 8248
9652 14152
1380 8863
10879 13933
4334 12710
2796 4852
1092 7653
2543 12466
3423 11803
10653 15563
7453 2095
11748 1014
11355 5360
12746 10429
11910 6390
5174 14880
12056 8676
13266 10126
9183 15781
3948 8597
3429 16126
6938 2125
12671 3781
12755 6351
10518 3570
8603 172
12429 5629
6055 14333
8164 14174
14174 5242
15559 9807
12860 9293
1440 11097
1150 15239
10075 6299
6380 13092
10657 3066
4236 2245
1391 10173
145 15655
2567 5436
1911 14166
7568 2620
13223 12219
8039 583
2820 7660
2872 14495
11714 8048
868 10625
16049 3943
7057 14589
7057 14009
14356 15023
4089 13953
11854 16271
15346 11979
1676 5318
13932 10773
11432 13787
8766 3670
2805 11913
9143 14159
11711 9965
11066 1125
5837 500
5418 2719
2863 6537
7519 535
6708 15345
2158 4241
2097 10497
13279 3345
3756 7018
10993 5884
10605 12166
10355 341
11725 3219
3606 6502
3598 5254
11514 9055
13595 11580
15648 4953
8571 2681
15837 9305
12249 1141
4493 4296
5031 3458
14522 7720
9639 15273
14443 14522
14438 10546
14418 8457
1122 4948
13234 5687
1092 7135
11853 15252
4442 16358
15685 10308
5809 12142
12361 15970
13780 3642
15243 7636
11383 12914
2672 4221
3302 12727
5806 2138
809 8794
317 8290
11897 14412
10334 4420
11171 3330
3942 7957
4244 1744
3597 5991
12170 3722
13824 12081
4157 2746
3932 4644
12760 14401
14675 5378
358 10612
12189 13421
15382 4399
1150 15752
3076 5365
5823 1032
10141 15448
13267 15473
6207 15345
16192 6081
2898 15497
13976 4741
1653 4298
15842 2559
9028 16282
15788 3060
15847 11872
15116 10387
12972 4351
117 16156
3426 7716
13829 13612
2812 6035
1049 9623
5336 143
14506 3428
232 14969
9012 15272
12393 640
14697 4789
11155 4562
15136 5882
4745 1701
14845 11911
1142 5453
15883 8193
13807 15607
4458 3456
7635 14380
16186 10652
15090 3812
6769 567
12665 4991
13452 12742
1791 9366
10815 5360
15153 2929
12901 501
16327 7130
15130 12637
1116 4439
16343 2089
12221 1810
16338 9465
13473 4417
3338 679
12741 15147
3856 536
13920 14263
6688 15846
3623 15112
16310 8694
3466 14081
3932 3377
14308 15524
431 7631
3179 4288
11643 507
12938 13880
548 9584
7220 15594
15309 8137
16371 5159
10841 13179
12105 2382
12866 16370
11542 3921
6064 15846
14430 1240
7232 16293
2122 14686
14487 14012
10657 16242
3972 4072
8488 15373
5705 15075
1485 6153
571 14468
15851 5560
5069 2213
12628 0
14931 784
13521 714
1028 13573
14427 535
6707 16357
589 6590
14990 2278
10050 15996
15090 10888
3959 19
7737 16361
4835 549
594 6083
7726 15265
13152 2838
1795 3582
15158 8653
455 7127
13929 1495
8255 14733
10997 361
2837 760
15013 1320
13815 16282
402 4297
13381 2177
1004 3877
14510 11342
1895 15579
14489 2669
2881 3650
15615 1080
3006 1519